7
NanJing
BeiJing
ChangSha
HangZhou
WuHan
ShangHai
KunMing
0 640 800 80 880 80 480 
640 0 800 720 800 560 960 
800 800 0 640 160 880 960 
80 720 640 0 720 160 640 
880 800 160 720 0 960 960 
80 560 880 160 960 0 720 
480 960 960 640 960 720 0 
20
1 7 20
1 4 9
1 7 12
1 6 6
1 2 12
2 5 7
2 6 8
2 1 16
3 5 18
3 7 10
3 4 7
4 3 19
4 1 13
5 2 15
5 3 6
6 7 4
6 2 20
6 1 18
7 3 20
7 1 12
12
1 2 20
1 2 10
1 4 10
1 2 16
2 1 10
2 6 8
2 5 10
4 3 12
4 7 8
5 2 14
6 2 12
7 4 20
